W . . . 
10 . . . 
. . . . 
. . . . 
1, 2, 40.0, 20.0, 30.0, 0, Water, 0, 0
2, 3, 80.0, 20.0, 1.0, 0, Flame, 1, 0
3, 3, 80.0, 20.0, 1.0, 0, Flame, 1, 0
4, 3, 80.0, 20.0, 1.0, 0, Flame, 1, 0
5, 3, 80.0, 20.0, 1.0, 0, Flame, 1, 0
6, 3, 80.0, 20.0, 1.0, 0, Flame, 1, 0
7, 3, 80.0, 20.0, 1.0, 0, Flame, 1, 0
8, 3, 80.0, 20.0, 1.0, 0, Flame, 1, 0
9, 3, 80.0, 20.0, 1.0, 0, Flame, 1, 0
10, 3, 80.0, 20.0, 1.0, 0, Flame, 1, 0
11, 3, 80.0, 20.0, 1.0, 0, Flame, 1, 0

2 . . . 
9 . . . 
. . . . 
. . . . 
1, 3, 39.5, 20.0, 30.0, 0, Water, 0, 0
3, 4, 59.5, 20.0, 19.0, 0, Flame, 0, 0
2, 4, 59.5, 20.0, 19.0, 0, Flame, 1, 0
4, 4, 59.5, 20.0, 19.0, 0, Flame, 1, 0
5, 4, 59.5, 20.0, 19.0, 0, Flame, 1, 0
6, 4, 59.5, 20.0, 19.0, 0, Flame, 1, 0
7, 4, 59.5, 20.0, 19.0, 0, Flame, 1, 0
8, 4, 59.5, 20.0, 19.0, 0, Flame, 1, 0
9, 4, 59.5, 20.0, 19.0, 0, Flame, 1, 0
10, 4, 59.5, 20.0, 19.0, 0, Flame, 1, 0
11, 4, 59.5, 20.0, 19.0, 0, Flame, 1, 0

W . . . 
10 . . . 
. . . . 
. . . . 
1, 4, 39.0, 20.0, 30.0, 0, Water, 0, 0
2, 5, 39.0, 20.0, 35.0, 0, Flame, 1, 0
3, 5, 59.0, 20.0, 19.0, 0, Flame, 1, 0
4, 5, 39.0, 20.0, 35.0, 0, Flame, 1, 0
5, 5, 39.0, 20.0, 35.0, 0, Flame, 1, 0
6, 5, 39.0, 20.0, 35.0, 0, Flame, 1, 0
7, 5, 39.0, 20.0, 35.0, 0, Flame, 1, 0
8, 5, 39.0, 20.0, 35.0, 0, Flame, 1, 0
9, 5, 39.0, 20.0, 35.0, 0, Flame, 1, 0
10, 5, 39.0, 20.0, 35.0, 0, Flame, 1, 0
11, 5, 39.0, 20.0, 35.0, 0, Flame, 1, 0

A warrior has left the game!
F . . . 
9 . . . 
. . . . 
. . . . 
3, 6, 38.5, 20.0, 37.0, 0, Flame, 0, 0
2, 6, 38.5, 20.0, 53.0, 0, Flame, 1, 0
4, 6, 38.5, 20.0, 53.0, 0, Flame, 1, 0
5, 6, 38.5, 20.0, 53.0, 0, Flame, 1, 0
6, 6, 38.5, 20.0, 53.0, 0, Flame, 1, 0
7, 6, 38.5, 20.0, 53.0, 0, Flame, 1, 0
8, 6, 38.5, 20.0, 53.0, 0, Flame, 1, 0
9, 6, 38.5, 20.0, 53.0, 0, Flame, 1, 0
10, 6, 38.5, 20.0, 53.0, 0, Flame, 1, 0
11, 6, 38.5, 20.0, 53.0, 0, Flame, 1, 0

